u,v,length
245662490,1473471962,216.1
245662490,7358357973,808.5810000000001
245662490,7357662459,294.448
245663765,3878559855,17.108
245663765,10920966793,1113.72
245663765,2248801066,259.547
245663817,2248801226,99.228
245663817,12384043771,111.663
245663877,9679154878,40.857
245663877,528785934,46.852000000000004
245663894,9942486328,42.331
245663961,3878559855,104.17
245663961,10279809048,182.257
245664055,10279809048,12.298
245664055,8709114573,18.752
245664114,9679154873,20.569
245664114,2248801519,47.27
245664187,9311818784,440.37300000000005
245664187,245664191,27.323999999999998
245664191,245664455,85.27700000000002
245664455,6573759451,181.885
245664455,529576444,22.508000000000003
245664662,6573759451,8.832
245664662,529576444,176.01899999999998
245664764,2248802128,74.319
245664764,2238597924,27.469
245664779,5792168761,39.259
245664842,1643351765,66.983
245664842,7357709459,179.847
245664865,8909137845,110.592
245664865,1642951842,131.726
245664866,1642951755,115.697
245664869,2248802276,38.819
245664869,1651387817,18.815
245664905,10939673573,28.884
245664905,4264598303,16.191
245665060,5911339572,42.392
245665060,10116201906,11.945
245665186,6488652331,64.986
245665186,6488201809,34.464
245665197,11143613411,8.93
245665197,11143613413,30.648
245665197,7383907165,25.393
245665275,4357273834,109.378
245665275,245665307,61.84100000000001
245665303,245665304,64.616
245665303,6583608251,133.081
245665303,4264598306,11.574
245665304,4357273834,63.481
245665304,245665303,64.616
245665304,4357273836,120.77
245665307,1643351830,40.461999999999996
245665307,1643351841,64.199
245665344,9311818794,7.8
245665344,1643351828,79.453
245665344,1367092933,390.444
245665354,10207397917,12.586
245665354,1643351843,9.697
245665375,245665475,72.456
245665375,1367092933,18.597
245665375,245665419,344.341
245665419,9311818792,7.811
245665419,245665375,344.341
245665419,1643351839,52.06
245665475,245665495,343.328
245665475,1651414451,2.766
245665475,245665375,72.456
245665495,9311818791,7.8
245665495,245665475,343.328
245665495,245665419,73.803
245665583,10207397919,11.935
245665583,7379608705,78.068
245665597,2322141826,340.545
245665597,245665680,66.145
245665597,1651414451,64.614
245665637,1651421946,40.456
245665637,4357273825,37.209
245665637,1651404921,43.508
245665679,10750564862,12.315
245665679,2246471647,155.112
245665680,245665597,66.145
245665680,245665723,342.424
245665680,1651414471,90.815
245665702,1651421946,117.062
245665702,10306082453,121.029
245665702,1643264330,97.536
245665723,9311818789,7.8
245665723,2322141826,65.395
245665723,245665680,342.424
245665748,10306082453,8.551
245665748,245665982,92.011
245665776,1643351856,33.905
245665776,4264598311,14.994
245665982,1651421961,13.452
245665982,245665748,92.011
245665982,1651414481,172.74800000000002
245666164,10207397928,9.29
245666164,1367093074,13.549
245666475,12882834605,12.883
245666475,3212163820,365.243
245667692,2146269450,163.467
245667692,2146270424,87.83
245668052,12068018711,91.729
245668052,2246472442,89.935
245668490,2246472636,74.489
245668490,1643047705,86.125
245668515,10770722930,14.339
245668515,6497154927,46.508
245668515,10923636678,22.399
245668515,12761713664,72.751
278919343,4362754073,107.106
278919343,278919550,13.402
278919550,11827339619,13.296
278919550,278919343,13.402
278919550,11052455185,178.233
528785879,5838250404,19.826
528785879,245663894,31.455
528785934,13103368075,2.991
528785949,5354454748,9.032
529576444,245664187,89.489
619305731,12794348742,119.19900000000001
632299700,10244260002,14.642
632299700,7357795957,93.406
632299700,2248801164,77.94999999999999
632312691,10279835726,18.624
632312691,4357265401,23.484
632312696,10244260004,16.419
632312696,632313012,346.955
632313012,10207346702,8.047
632313012,11243128510,141.359
632313274,4357272780,53.445
632313274,4357272779,86.413
1157625205,10809175117,194.519
1232643956,3206284093,160.478
1232643956,1232644609,138.339
1232643956,1232644519,74.173
1232644012,4264598321,15.715
1232644012,4264598322,19.827
1232644013,2804594089,18.085
1232644013,6495534604,128.725
1232644013,1232644316,49.004
1232644156,3206284093,70.473
1232644156,1232644335,266.065
1232644156,4445143775,48.325
1232644156,12951470684,142.04899999999998
1232644197,1683617366,9.409
1232644197,2146273512,102.28
1232644197,1232644913,244.722
1232644316,6431316960,214.294
1232644316,7384021676,134.98600000000002
1232644316,1232644013,49.004000000000005
1232644316,2804433703,116.091
1232644335,2246472069,23.489
1232644335,4445143770,29.429
1232644335,1232644156,266.065
1232644362,2246471962,13.328
1232644362,2439252025,138.787
1232644362,2439252021,51.665
1232644427,10809175121,37.887
1232644427,1232644986,590.58
1232644443,11043282242,167.70600000000002
1232644443,12951470684,14.503
1232644505,5865538270,225.551
1232644505,1232644762,591.4010000000001
1232644512,1643351868,131.674
1232644512,1366857600,37.388000000000005
1232644519,1232643956,74.173
1232644519,7816158000,3.6310000000000002
1232644609,1232644928,80.442
1232644609,1232643956,138.339
1232644609,1232644770,153.696
1232644635,4445143770,82.978
1232644635,7384021677,64.035
1232644635,12353523816,202.367
1232644648,2246472196,95.31
1232644648,1232644770,75.113
1232644648,2246472199,139.649
1232644648,7380517054,81.94399999999999
1232644665,2804443043,351.796
1232644665,2804594089,35.507999999999996
1232644726,11068677534,70.218
1232644726,2934429247,39.44499999999999
1232644762,1157625205,217.285
1232644770,1232644648,75.113
1232644770,1232644609,153.696
1232644770,3206284093,157.111
1232644913,2146269442,22.662
1232644913,1232644197,244.722
1232644913,2146269444,426.29699999999997
1232644920,1232644928,37.11
1232644920,5913464539,67.502
1232644920,7816158000,230.817
1232644928,1232644609,80.442
1232644928,1232644920,37.11
1232644928,2246472199,131.92899999999997
1232644986,6573886332,636.399
1336408320,1903627624,203.311
1336408320,2248802188,218.92899999999997
1336408320,2248802001,171.984
1336410620,6581543381,64.653
1336410620,11052081278,62.124
1336410620,3878506008,97.822
1336410623,6581543381,45.72
1336410623,10279809043,13.33
1336410623,2248802188,89.649
1336410623,8696272782,163.428
1351234029,6571926778,37.578
1351234029,1654383278,243.888
1351234030,2248802695,123.826
1351234030,11416892189,7.755
1351234053,2246471822,28.521
1351234053,4357289635,67.038
1351234053,4357289668,143.56199999999998
1351247410,7370608142,36.898
1351247410,8973771543,239.423
1351247411,7370608146,16.258
1351247411,5913226245,46.394
1351247411,7370608138,59.208
1366008977,5926760156,4.865
1366009007,1367093353,47.595
1366009007,4264430447,65.88799999999999
1366009007,7383907175,49.438
1366009025,1647285766,34.771
1366009050,2246472177,18.087
1366009050,4357358499,88.536
1366009050,7379899432,57.126999999999995
1366009086,11045733895,20.522
1366009086,2246472362,74.398
1366009086,10199117049,192.09199999999998
1366009129,1647285813,54.891
1366009129,11054406698,77.413
1366009129,1366027980,91.032
1366009151,1647285813,96.105
1366009151,11054434362,39.503
1366009151,12393340593,108.21300000000001
1366027980,11054465485,135.507
1366027980,6117377483,256.809
1366027980,2246472442,87.288
1366027980,1366009129,91.032
1366027983,7401192412,11.383
1366027983,2246472474,91.45
1366027983,4357416049,251.10000000000002
1366054221,1643035306,49.413
1366054221,6569434369,17.723
1366054221,12353524312,588.4939999999999
1366794970,3798943881,39.6
1366795076,5913226347,6.309
1366795134,12637993105,7.608
1366795134,2966349066,64.209
1366857439,1651414421,69.11699999999999
1366857439,1654383155,16.224
1366857555,10151560371,9.792
1366857555,3376195596,123.211
1366857600,1651414481,103.992
1366857600,3376195596,115.713
1366857600,1232644512,37.388000000000005
1366857603,2246471931,41.765
1366857603,2246471825,213.41900000000004
1366857603,2246472002,307.173
1366900426,5913226353,6.485
1366900426,5913226247,42.213
1366900438,2246471663,236.258
1366900438,7370608177,99.02499999999999
1366900438,5911635635,125.164
1366938229,1366938236,161.177
1366938236,9860341846,72.357
1366938236,9860341840,37.388999999999996
1366938254,5865538272,14.961
1366938254,12448362114,20.888
1366938264,2246661031,14.215
1366938274,2242249982,69.741
1366938274,2235210217,236.746
1366938274,2246661031,65.623
1366938303,2163950400,81.145
1366938303,4357289671,52.35
1366938303,1366938309,66.459
1366938309,1366938303,66.459
1366938309,10809175122,132.164
1366938348,2163950402,49.366
1366938348,1665625108,205.015
1366938348,2235206835,293.847
1366956109,5912283073,61.876
1366956109,12395746333,17.838
1366956128,5912283078,15.413
1366956128,1366956140,149.90800000000002
1366956128,5912283077,77.168
1366956140,1366956158,64.554
1366956140,5912283077,68.861
1366956140,1366956128,149.908
1366956158,1366956173,70.291
1366956158,1366956140,64.554
1366956158,1366956182,148.011
1366956173,1366956189,65.254
1366956173,1366956158,70.291
1366956173,1366956178,47.844
1366956178,1366956203,65.914
1366956178,1366956182,27.859
1366956178,1366956173,47.844
1366956182,1366956184,17.078
1366956182,1366956178,27.859
1366956182,1366956158,148.011
1366956184,1366956182,17.078
1366956189,1366956224,71.37
1366956189,1366956173,65.254
1366956189,1366956203,50.474
1366956200,3215559573,71.26
1366956200,12088834966,6.21
1366956203,1366956178,65.914
1366956203,1366956257,67.828
1366956203,1366956189,50.474
1366956203,1366956223,72.793
1366956223,1366956203,72.793
1366956224,1366956264,65.078
1366956224,1366956189,71.37
1366956224,12088863672,52.863
1366956224,1366956257,47.203
1366956257,1366956203,67.828
1366956257,1366956224,47.203
1366956257,1366956259,29.681
1366956259,1366956271,67.273
1366956259,1366956257,29.681
1366956259,1366956262,9.588
1366956262,1366956259,9.588
1366956264,1366956270,34.543
1366956264,1366956224,65.078
1366956264,1366956271,75.033
1366956270,1366956264,34.543
1366956270,1366956275,96.213
1366956271,1366956259,67.273
1366956271,1366956274,18.6
1366956271,1366956264,75.033
1366956274,1366956271,18.6
1366956275,1366956270,96.213
1366986942,10244259982,12.975
1366986942,8695511320,159.41000000000003
1366986948,10244259985,20.667
1366986948,4357265370,50.619
1366986952,9874154272,250.511
1366986952,10244259985,154.595
1366986952,13057621882,63.952999999999996
1366986955,10938932170,22.899
1366986955,2439202824,20.201
1366986955,7311257186,121.483
1366987045,10255078964,30.366
1366987053,3878559854,239.071
1367092731,9679154869,19.087
1367092731,1651414388,270.842
1367092731,245665060,332.953
1367092760,1367092773,119.42099999999999
1367092760,1367092768,23.469
1367092760,2248801928,122.167
1367092768,12432746177,45.163
1367092768,1367092760,23.469
1367092768,1651414388,97.164
1367092768,8695632893,194.82500000000002
1367092773,1643351801,282.515
1367092773,1367092779,37.484
1367092773,1367092760,119.421
1367092779,7361765515,150.993
1367092779,9898838390,180.701
1367092779,1367092773,37.484
1367092892,11052039298,72.814
1367092904,6576079903,27.575
1367092912,1651414424,96.011
1367092912,3547918446,83.365
1367092912,1651414421,57.881
1367092912,2957204347,65.772
1367092932,1367092933,49.116
1367092932,1651414450,92.143
1367092932,1643351826,136.063
1367092932,6574225213,201.064
1367092933,245665375,18.597
1367092933,1367092932,49.116
1367092933,245665344,390.444
1367092952,10279771641,82.606
1367092952,10207397921,11.927
1367092973,6574225213,208.706
1367092973,1367092999,313.143
1367092973,1651414449,246.879
1367092986,1367093036,86.635
1367092999,1367092973,313.143
1367092999,1651414471,71.198
1367092999,1367093036,162.389
1367093009,10151560370,7.386
1367093009,1366857555,158.486
1367093036,1367092986,86.635
1367093036,1651421963,122.364
1367093036,1367092999,162.389
1367093063,4357309659,71.134
1367093063,1367093072,216.433
1367093063,8693180277,55.629999999999995
1367093072,8693180279,52.749
1367093072,1367093063,216.433
1367093072,4357309652,90.56
1367093074,2246660993,84.34
1367093074,10264297687,11.445
1367093082,2248802788,69.093
1367093082,2246471748,59.156
1367093082,1367093122,212.526
1367093086,1367093122,113.175
1367093086,2248802788,204.762
1367093086,8693180279,73.78999999999999
1367093105,2246471748,47.181
1367093105,10923992388,18.278
1367093105,2246471860,119.65299999999999
1367093112,4357309677,70.316
1367093112,10882788619,10.317
1367093112,2804444332,566.769
1367093122,2246471861,48.052
1367093122,1367093086,113.175
1367093122,1367093082,212.526
1367093147,1367093181,98.644
1367093147,4264430286,83.78
1367093147,12330461932,101.803
1367093155,1367093164,18.088
1367093155,10264297691,9.135
1367093164,10207397929,8.289
1367093164,1366008977,132.043
1367093170,11038640722,23.41
1367093170,1367093220,126.002
1367093170,2246471860,119.078
1367093181,1367093147,98.644
1367093181,4264430400,84.704
1367093181,2246471836,99.508
1367093183,8711707695,40.947
1367093183,10923992388,196.737
1367093183,1367093218,229.76600000000002
1367093218,1367093220,82.943
1367093218,1367093183,229.76600000000002
1367093218,2246471860,133.292
1367093220,1367093227,44.549
1367093220,1367093218,82.943
1367093220,1367093170,126.002
1367093227,1367093220,44.549
1367093227,2246471980,71.425
1367093227,11038640722,186.50799999999998
1367093348,4357309677,396.30999999999995
1367093353,1366009007,47.595
1392485609,2246472422,98.177
1392485609,2246472414,106.776
1392485609,11603190365,14.432
1451876569,1451889994,42.101
1451876569,9931893591,40.274
1451876569,1451880139,162.199
1451880130,12334312402,8.193
1451880139,1451880141,191.78
1451880139,1451876569,162.199
1451880141,2246472876,34.468
1451880141,1451880139,191.78
1451880141,1451889994,21.522
1451889981,1451889982,116.357
1451889982,4357300475,65.152
1451889982,2246472876,58.25
1451889982,1451889981,116.357
1451889993,2246472876,133.111
1451889994,1451876569,42.101
1451889994,2246472539,129.843
1451889994,1451880141,21.522
1451898156,11136120782,62.145
1451898156,1451898160,58.776
1451898158,1451898160,153.291
1451898158,2246472568,127.447
1451898158,4357300486,710.8880000000001
1451898160,9871528901,75.87899999999999
1451898160,1451898156,58.776
1451898160,1451898158,153.291
1462143098,10653480123,88.849
1462143098,1643047705,63.27
1473471962,245662490,216.10000000000002
1473471962,5539183022,318.65500000000003
1473471962,10939666075,84.836
1475178057,528785879,18.793
1642951755,1642951748,36.525000000000006
1642951800,12836695797,536.0219999999999
1642951800,1642951851,231.23199999999997
1642951818,6569231063,185.262
1642951818,245664866,116.94
1642951842,1642951853,66.325
1642951842,245664865,131.726
1642951846,1642951818,119.011
1642951851,1642951893,806.392
1642951851,1654348854,76.394
1642951853,1642951842,66.325
1642951853,2248802531,371.345
1642951853,2248802418,108.91499999999999
1642951881,10279771678,9.423
1642951881,10666025039,24.067
1642951881,1643351862,331.025
1642951891,1642951846,810.034
1642951891,10207346716,382.072
1642951893,6572189287,376.827
1643027254,4357300487,81.957
1643027254,4357300486,15.05
1643027254,3245616504,93.993
1643027254,2246472326,149.717
1643031072,12353418397,170.95
1643031072,2246472196,85.60300000000001
1643031072,2804433701,293.742
1643031073,10279771616,33.899
1643031073,4264598329,10.124
1643031078,4264598335,10.931
1643031078,1643035301,196.014
1643035294,10653480115,14.705
1643035294,10279771620,169.532
1643035296,2246472391,98.142
1643035296,1643035303,25.438
1643035300,10281959313,8.448
1643035300,2246472465,161.297
1643035301,4264598331,8.901
1643035301,2246472391,81.883
1643035301,6568869621,98.38
1643035303,2246472488,166.353
1643035303,8703487829,20.135999999999996
1643035306,1366054221,49.413
1643035306,10936416197,182.29
1643035306,6576183452,143.899
1643035306,2246472515,44.962
1643035308,11057926918,58.284
1643035308,3245670250,174.511
1643035308,1643047706,75.86500000000001
1643035308,1643047700,130.577
1643035309,10279730299,12.01
1643035309,3245670250,45.032
1643035311,4366100891,37.222
1643035311,2246472653,75.661
1643035312,1643047706,85.512
1643035312,245668490,204.569
1643047697,2246472488,76.278
1643047697,1643047700,193.77800000000002
1643047697,2246472465,73.502
1643047700,1643047697,193.77800000000002
1643047700,1643047704,71.143
1643047700,1643035308,130.577
1643047701,2246472600,74.299
1643047701,10279742510,14.087
1643047701,1643031078,152.389
1643047703,2246472590,56.951
1643047703,2246472636,11.936
1643047703,1643047704,77.238
1643047704,1643047703,77.238
1643047704,1643047706,127.992
1643047704,1643047700,71.143
1643047705,1462143098,63.27
1643047705,245668490,86.125
1643047706,1643035312,85.512
1643047706,1643047704,127.992
1643047706,1643035308,75.86500000000001
1643264250,2629741740,16.94
1643264250,9179231581,225.058
1643264260,1651421871,58.97
1643264273,2248802165,160.143
1643264273,10939514685,29.301
1643264325,245665723,57.020999999999994
1643264325,9311818800,25.145
1643264330,245665702,97.536
1643264330,1643264345,18.267
1643264345,1643264350,10.882
1643264345,10886219520,89.447
1643264350,1643264361,24.585
1643264361,7370608172,47.689
1643264361,10306082438,33.442
1643351764,2248801840,71.633
1643351764,2248801921,77.44
1643351764,4357272778,127.126
1643351765,245664842,66.983
1643351765,4357272778,81.344
1643351765,11242941359,61.115
1643351766,2629741747,16.873
1643351766,5838250417,215.424
1643351775,9311818809,63.741
1643351775,1643351789,88.867
1643351775,1643351781,156.119
1643351781,1643351775,156.119
1643351781,1643351807,126.09100000000001
1643351781,1651421877,34.137
1643351789,1643351775,88.867
1643351789,3214466799,78.059
1643351789,10279809021,71.728
1643351801,11052805071,16.82
1643351801,1367092773,282.515
1643351801,1651414398,69.33
1643351807,10279809016,32.036
1643351807,3214466795,28.844
1643351807,1643351781,126.09100000000001
1643351810,9311818796,7.811
1643351810,1643351817,59.451
1643351810,245665186,79.105
1643351817,1643351810,59.451
1643351817,1643351826,363.75100000000003
1643351824,3214466795,50.323
1643351824,10279809015,24.302
1643351826,1367092932,136.063
1643351826,1651414398,100.196
1643351828,9311818795,7.8
1643351828,1643351810,52.727
1643351829,1643351830,165.856
1643351829,9311818795,84.715
1643351829,3214466799,54.361
1643351830,1643351829,165.856
1643351830,1643351824,46.948
1643351839,9311818793,7.8
1643351839,245665344,14.38
1643351841,4357273830,17.879
1643351841,3215233951,172.036
1643351841,245665307,64.199
1643351843,10207397918,12.265
1643351843,245665583,45.392
1643351856,1651421959,91.077
1643351856,1651414472,297.83299999999997
1643351862,9857764833,150.195
1643351862,6573933919,7.285
1643351862,1642951881,331.025
1643351862,2248802449,521.298
1643351864,6572189287,17.841
1643351864,6293081321,58.292
1643351864,2248802788,151.29
1643351864,6571795846,371.92600000000004
1643351868,1643351870,59.898
1643351868,1651414487,179.272
1643351868,1232644512,131.674
1643351870,8711707695,183.297
1643351870,1643351868,59.898
1643351870,13055928897,227.409
1647285766,2246661033,42.331
1647285766,2246661036,158.834
1647285766,1366009025,34.771
1647285772,10939580924,39.673
1647285772,1647285777,100.426
1647285772,6575917462,167.525
1647285777,1647285772,100.426
1647285777,1647285780,34.879
1647285777,2246661041,129.29399999999998
1647285780,1647285777,34.879
1647285780,11042148860,83.83
1647285780,10939548717,75.881
1647285813,1366009129,54.891
1647285813,11045723145,47.287
1647285813,1366009151,96.105
1650809508,2439202872,936.5849999999999
1651387817,10207346711,12.666
1651387817,4362728161,62.488
1651404914,7362076297,10.216
1651404914,245664191,435.42400000000004
1651404914,12523105530,84.292
1651404921,4357273837,141.559
1651404921,10306082453,108.273
1651404921,245665637,43.508
1651404922,10886219520,7.647
1651404922,1643264350,87.644
1651404922,3376195596,259.456
1651414388,1367092768,97.164
1651414388,1367092731,270.842
1651414388,1651414402,341.59999999999997
1651414390,1651414421,316.74199999999996
1651414397,1651414424,167.975
1651414398,6488201811,107.893
1651414398,1643351801,69.33
1651414398,1643351826,100.196
1651414402,11052039298,51.763
1651414402,1651414388,341.59999999999997
1651414402,8695632893,137.048
1651414421,1367092912,57.881
1651414421,1651414390,316.74199999999996
1651414421,1366857439,69.11699999999999
1651414424,3547867171,45.889
1651414424,1367092912,96.011
1651414424,6575953820,45.51
1651414424,1651414397,167.97500000000002
1651414430,1654383162,59.746
1651414430,1651414431,40.412
1651414430,6575953821,45.138
1651414430,3532034726,54.352
1651414431,1651414430,40.412
1651414431,6575953820,43.718
1651414431,1651414448,142.688
1651414448,1651414449,4.618
1651414448,1651414431,142.688
1651414448,2957204347,148.082
1651414449,1651414458,63.699
1651414449,1651414448,4.618
1651414449,1367092973,246.87900000000002
1651414450,1367092932,92.143
1651414450,1651414451,51.699
1651414450,1651414452,87.173
1651414451,245665597,64.614
1651414451,245665475,2.766
1651414451,1651414450,51.699
1651414452,1651414471,326.572
1651414452,1651414450,87.173
1651414452,6574225213,77.389
1651414458,1651414449,63.699
1651414460,9311818790,75.61
1651414460,3215233951,189.714
1651414460,1651421946,112.516
1651414471,1367092999,71.198
1651414471,245665680,90.815
1651414471,1651414452,326.57200000000006
1651414472,6293072354,119.156
1651414472,2248802699,38.142
1651414472,1643351856,297.83299999999997
1651414478,6571923643,7.338
1651414478,5865538272,384.211
1651414481,10061003741,35.812
1651414481,245665982,172.748
1651414487,1643351868,179.272
1651414487,2248802798,46.131
1651414487,9857764833,335.938
1651414487,6571923643,222.507
1651421871,1651421877,222.729
1651421871,9311818809,45.347
1651421877,1651421871,222.729
1651421877,1643351781,34.137
1651421877,2629741746,90.975
1651421946,245665637,40.456
1651421946,245665702,117.062
1651421946,1651414460,112.516
1651421957,1651421963,149.628
1651421957,5330842616,107.808
1651421957,10151560370,124.22300000000001
1651421959,4264598312,18.61
1651421959,1651414478,167.794
1651421961,245665982,13.452
1651421961,1651404922,110.119
1651421963,1651421957,149.628
1651421963,10151560371,122.64
1651421963,1367093036,122.364
1654348854,11143613408,9.759
1654348854,245665197,197.44900000000004
1654348871,2248802537,78.568
1654348871,11143613414,6.113
1654348871,1654348885,137.203
1654348885,11149490184,10.789
1654348885,11143613414,138.402
1654348910,3463796101,32.182
1654348910,10207397934,15.027
1654348910,7379608698,90.432
1654383155,10116201906,48.337
1654383155,1366794970,46.370999999999995
1654383160,2143584813,120.499
1654383160,6576079903,153.77800000000002
1654383160,1654383162,128.734
1654383162,1651414430,59.746
1654383162,1654383160,128.734
1654383162,7370608157,62.018
1654383165,7370608151,18.3
1654383187,1654383209,47.021
1654383187,4357289641,101.361
1654383187,1654383197,155.726
1654383197,1654383209,101.35000000000001
1654383197,1654383187,155.726
1654383197,4357289642,87.849
1654383209,1654383238,66.83
1654383209,1654383213,126.132
1654383209,1654383197,101.35000000000001
1654383213,1654383209,126.132
1654383238,5913226251,97.207
1654383238,12697993395,171.12400000000002
1654383238,4357289642,92.94300000000001
1654383278,5913226254,9.327
1654383278,9679086525,75.03399999999999
1654383282,5913464735,71.427
1665624924,1665625108,762.1930000000002
1665624924,619305731,1523.5249999999996
1665625025,5349392408,270.85
1665625025,1232644427,254.31300000000002
1665625040,1665625025,17.676
1665625106,3105782008,364.253
1665625108,6569087156,45.067
1665625108,1366938348,205.015
1665625108,6569087155,84.38999999999999
1665625137,10820417303,75.527
1665625137,8507768263,27.944
1665625168,1665625106,72.641
1665625168,6569087157,59.426
1665625199,1665625258,50.254
1665625199,1665625168,61.03
1665625258,10282074751,98.682
1665625258,1665625285,54.284
1665625258,1665625199,50.254
1665625285,1665625298,25.124
1665625285,1665625258,54.284
1665625285,2146269444,82.029
1665625298,1665625285,25.124
1665625298,4357300487,59.527
1665625298,4357300488,171.243
1665625322,2246472316,125.695
1665625322,3245616504,114.17
1665625327,5843735650,380.01099999999997
1665625327,10820417298,410.06600000000003
1665625334,12364540586,19.002
1665625334,1665625199,318.726
1665625334,7371765642,317.532
1665625343,1665625359,92.279
1665625343,1665625383,138.036
1665625343,5267231816,99.80699999999999
1665625357,1643035294,28.802
1665625357,4357300488,210.63800000000003
1665625359,1665625343,92.279
1665625359,1665625386,135.39499999999998
1665625359,7370996409,55.727000000000004
1665625370,1665625384,140.27700000000002
1665625383,2246472376,47.16
1665625383,4357290592,17.008
1665625383,1665625343,138.036
1665625384,4144721128,9.157
1665625384,1665625370,140.277
1665625384,1665625408,102.31700000000001
1665625386,4357290592,50.624
1665625386,4357290591,16.364
1665625386,1665625359,135.395
1665625408,6469480455,25.729
1665625408,1665625384,102.31700000000001
1665625408,4144721142,126.485
1665625432,4144721142,101.294
1665625432,1665625439,104.45
1665625432,1665625437,79.235
1665625432,7370996423,77.683
1665625434,1665625439,78.889
1665625437,1665625432,79.235
1665625437,1665625440,87.716
1665625437,4144721143,102.497
1665625439,1665625432,104.45
1665625439,1665625434,78.889
1665625439,1665625450,89.614
1665625440,1665625450,23.998
1665625440,1665625437,87.716
1665625440,1665625451,65.479
1665625450,1665625439,89.614
1665625450,1665625440,23.998
1665625450,4357290599,53.759
1665625451,1665625440,65.479
1665625451,8976481325,8.928
1665625451,11252156300,716.854
1665625452,8976481324,7.062
1665625452,6583122231,178.238
1683617366,1232644197,9.409
1683617366,10809175117,327.483
1738882048,3878559848,714.098
1738882048,11066146235,178.274
1738882048,1738882054,59.034000000000006
1738882054,11054142496,69.019
1738882054,1738882048,59.034
1738882054,11054192419,113.03999999999999
1903616901,7130092054,67.858
1903616901,5838250386,411.98199999999997
1903616901,10938970235,61.964
1903627624,11066146235,8.28
1903627624,1903627628,160.625
1903627624,1336408320,203.311
1903627628,1903627624,160.625
1903627628,11252250805,64.236
1903627628,4296286850,69.034
1903627628,7130092054,147.393
2143584813,9941769656,37.122
2143584813,1654383160,120.499
2143584813,5911339568,64.501
2146269431,2146273790,70.118
2146269431,2146270810,96.599
2146269431,2146269444,239.87000000000003
2146269442,1232644913,22.662
2146269442,2146273790,152.346
2146269442,2146269461,157.354
2146269444,2146269431,239.87
2146269444,1665625285,82.029
2146269444,1232644913,426.29699999999997
2146269450,2163935132,160.667
2146269450,2146270425,74.16
2146269450,4264598326,13.032
2146269452,4357302890,66.259
2146269452,2146270425,36.776
2146269452,2146270811,69.566
2146269452,2146269465,110.3
2146269461,4357302890,81.603
2146269461,2163935132,80.31
2146269461,2146269442,157.354
2146269465,2146270424,57.387
2146269465,2146269452,110.3
2146269465,2146270810,75.922
2146270424,2146269465,57.387
2146270424,2146270425,129.482
2146270424,245667692,87.83
2146270425,2146269452,36.776
2146270425,2146269450,74.16
2146270425,2146270424,129.482
2146270810,2146269431,96.599
2146270810,2146270811,110.401
2146270810,2146269465,75.922
2146270811,2146269452,69.566
2146270811,2146270810,110.401
2146270811,4357302890,131.28199999999998
2146273510,4264598323,11.077
2146273510,1232644012,172.878
2146273510,11029864299,65.596
2146273512,2146273514,74.071
2146273512,2146273517,119.318
2146273512,1232644197,102.28
2146273512,2146273513,238.103
2146273513,10279771622,21.769
2146273513,2146273512,238.103
2146273514,2146273512,74.071
2146273515,9167615447,10.522
2146273515,11029864299,63.540000000000006
2146273515,11029904655,39.989999999999995
2146273517,4264598321,18.889
2146273517,2146273519,87.956
2146273517,2146273512,119.318
2146273519,2146273517,87.956
2146273520,9167615449,23.947
2146273790,2146269431,70.118
2146273790,2146269442,152.346
2146273790,2146279195,86.896
2146279195,2146273790,86.896
2163935132,2146269461,80.31
2163935132,4264598325,14.482
2163935132,2146273510,109.111
2163950391,2163950402,52.736
2163950391,2163956171,44.001
2163950391,2235206832,180.426
2163950393,2163950400,76.256
2163950393,2163956171,163.882
2163950393,2235210219,78.616
2163950400,1366938303,81.145
2163950400,13014758862,175.563
2163950400,2163950393,76.256
2163950402,13014758856,46.947
2163950402,1366938348,49.366
2163950402,2163950391,52.736
2163956171,2163950391,44.001
2163956171,2163950393,163.882
2163956171,2235206832,151.034
2235206832,2235206835,63.488
2235206832,2163950391,180.426
2235206832,2235210219,313.844
2235206832,2163956171,151.034
2235206835,2235206832,63.488
2235206835,2242249982,145.393
2235206835,1366938348,293.847
2235210217,1366938274,236.746
2235210217,4357289671,144.365
2235210217,2235210219,70.166
2235210219,2235206832,313.844
2235210219,2163950393,78.616
2235210219,2235210217,70.166
2238493937,4357289671,62.521
2238493937,4357289674,307.414
2238493937,11064895804,69.403
2238597919,6573759453,23.899
2238597919,245664662,20.348999999999997
2238597924,6573759453,36.315
2238597924,1643264260,95.475
2238597924,2238597919,35.443
2242249982,6431435287,103.85
2242249982,1366938274,69.741
2242249982,2235206835,145.393
2242249986,6431435287,128.464
2246471647,1654348910,107.424
2246471647,10207397924,14.173
2246471649,4357309667,44.391
2246471649,10923992391,55.867
2246471649,2246471656,49.394
2246471656,10923992390,43.689
2246471656,4357309669,45.199
2246471656,6569435666,87.06800000000001
2246471656,2246471649,49.394
2246471663,6571926777,269.875
2246471663,1366900438,236.258
2246471663,2246471719,138.145
2246471666,10923992391,91.02000000000001
2246471668,2246471679,58.225
2246471679,6586250295,34.945
2246471679,2246471668,58.225
2246471679,2246471699,41.628
2246471679,10923992389,44.358
2246471681,2246471704,34.046
2246471681,6571926778,101.47800000000001
2246471681,5911636868,131.798
2246471684,6569435666,27.161
2246471699,2246471679,41.628
2246471699,6586250296,34.068
2246471699,6569435666,95.524
2246471704,2246471681,34.046
2246471704,2246471722,162.21099999999998
2246471704,2246471766,107.36
2246471719,3204161922,22.615
2246471719,5911635635,199.749
2246471719,2246471663,138.145
2246471722,2246471704,162.211
2246471724,2246471734,28.394
2246471724,6567709173,41.101
2246471724,6586250296,62.743
2246471728,7380517080,32.015
2246471728,10882788623,9.822
2246471728,2246471776,114.566
2246471734,2246471724,28.394
2246471734,6567709171,40.258
2246471734,2246471753,115.50300000000001
2246471739,2246471818,144.44500000000002
2246471739,2246471755,50.866
2246471739,9179231582,39.699
2246471748,1367093082,59.156
2246471748,1367093105,47.181
2246471748,2246471861,227.81
2246471753,2246471769,93.16900000000001
2246471753,6567709171,78.922
2246471753,2246471734,115.50300000000001
2246471755,10882788619,50.867
2246471755,2246471739,50.866
2246471755,2246471854,145.269
2246471766,2246471704,107.36
2246471769,6567709172,134.933
2246471769,2246471825,58.463
2246471769,2246471753,93.16900000000001
2246471776,2246471728,114.566
2246471776,4264430277,203.17600000000002
2246471776,12330461932,26.378999999999998
2246471784,2439202967,21.977
2246471784,10824774388,40.916
2246471784,6583578109,23.853
2246471818,2246471739,144.445
2246471822,1351234053,28.521
2246471822,4357289633,55.422
2246471822,10266957921,177.22899999999998
2246471824,4462480898,59.431000000000004
2246471824,2246961187,115.05
2246471824,4357289627,63.025000000000006
2246471825,2246471769,58.463
2246471825,2246471918,121.816
2246471825,1366857603,213.41899999999998
2246471836,1367093181,99.508
2246471836,4264430257,86.454
2246471836,12330461932,76.018
2246471844,2246471936,148.014
2246471844,4357289668,45.198
2246471844,2246471852,44.493
2246471852,4357289660,95.053
2246471852,4357289668,282.26599999999996
2246471852,2246471844,44.493
2246471854,2246471755,145.269
2246471860,1367093170,119.078
2246471860,1367093105,119.65299999999999
2246471860,1367093218,133.292
2246471861,1367093122,48.052
2246471861,11038640722,27.984
2246471861,2246471748,227.80999999999997
2246471863,2439202967,463.95
2246471863,2246471784,219.866
2246471865,4357289683,38.885
2246471865,4357289680,32.991
2246471865,11375281418,113.953
2246471910,4357289627,92.014
2246471910,2246961187,41.55
2246471910,6576059825,76.135
2246471918,2246471825,121.816
2246471918,2246471931,109.707
2246471918,2246471947,71.568
2246471931,2246471918,109.707
2246471931,1366857603,41.765
2246471931,2246471947,179.14999999999998
2246471936,2246472009,91.27499999999999
2246471936,2246472009,306.455
2246471936,2246471844,148.01399999999998
2246471944,7370608113,10.696
2246471944,7370608110,97.435
2246471944,7371511087,117.81
2246471947,2246472002,79.064
2246471947,2246471918,71.568
2246471947,2246471931,179.14999999999998
2246471962,1232644362,13.328
2246471962,11068677534,51.726
2246471962,11043282242,237.64800000000002
2246471980,2246472002,59.812
2246471980,1367093227,71.425
2246471980,4357309667,821.5610000000001
2246471991,6576059828,34.093
2246471991,10809175122,308.14
2246472002,2246471947,79.064
2246472002,2246471980,59.812
2246472002,1366857603,307.173
2246472009,2246471936,306.455
2246472009,2246471936,91.275
2246472009,2246472029,39.072
2246472016,2246472025,206.613
2246472016,6431316956,174.603
2246472025,2934429247,124.989
2246472025,11038649369,28.464
2246472025,2246472016,206.61299999999997
2246472029,2246472009,39.072
2246472068,2246472069,115.446
2246472068,2246472125,121.613
2246472068,11038649369,34.718999999999994
2246472069,2439252035,43.981
2246472069,1232644335,23.489
2246472069,2246472068,115.446
2246472082,4352255196,52.588
2246472082,10747444369,199.002
2246472082,10548601342,56.596000000000004
2246472089,4352255196,102.44
2246472089,2246472138,170.666
2246472089,2246472099,104.84
2246472099,2246472138,149.427
2246472099,2246472120,149.114
2246472099,2246472089,104.84
2246472120,2246472156,237.589
2246472120,7383907173,89.4
2246472120,2246472099,149.114
2246472123,2246472196,361.395
2246472123,7384021677,13.745000000000001
2246472125,2246472068,121.613
2246472125,7384021676,9.16
2246472138,2246472148,19.85
2246472138,2246472099,149.427
2246472138,2246472089,170.666
2246472148,2246472138,19.85
2246472148,6926087405,253.97400000000002
2246472148,2246472156,83.47399999999999
2246472154,7379899433,39.826
2246472154,6431154248,73.499
2246472154,2246472163,114.194
2246472156,2246472148,83.474
2246472156,2246472120,237.58899999999997
2246472156,6926087400,277.916
2246472163,7379899432,106.04
2246472163,2246472154,114.194
2246472177,6431154248,143.505
2246472177,1366009050,18.087
2246472177,2246472198,66.45
2246472196,1232644648,95.31
2246472196,1643031072,85.60300000000001
2246472196,2246472238,246.903
2246472196,2246472123,361.395
2246472198,2246472177,66.45
2246472198,4352245961,140.438
2246472198,2246472218,108.852
2246472199,2246472238,76.26
2246472199,1232644928,131.929
2246472199,1232644648,139.649
2246472218,4463696697,99.844
2246472218,2246472261,96.29
2246472218,2246472198,108.85199999999999
2246472223,5913464539,56.044
2246472223,2246472238,200.56599999999997
2246472223,11029792632,167.63500000000005
2246472238,2246472199,76.26
2246472238,2246472223,200.566
2246472238,2246472196,246.903
2246472261,2246472263,15.035
2246472261,2246472218,96.28999999999999
2246472261,10305066394,99.525
2246472263,2246472261,15.035
2246472266,10207331620,95.036
2246472307,10207331621,9.643
2246472307,2246472324,62.449
2246472316,619305731,348.84200000000004
2246472324,2246472348,57.977
2246472324,10207331620,8.449
2246472326,1643027254,149.717
2246472326,4357300487,106.982
2246472326,2246472380,216.247
2246472327,2246472379,188.611
2246472327,4357300486,37.144
2246472327,2246472358,82.249
2246472346,2246472362,64.521
2246472346,12430192234,69.794
2246472348,10207331619,7.589
2246472348,2246472362,166.55
2246472348,1392485609,299.21500000000003
2246472358,2246472385,203.342
2246472358,2246472368,71.16
2246472358,2246472327,82.249
2246472362,2246472346,64.521
2246472362,1366009086,74.398
2246472362,2246472348,166.54999999999998
2246472368,2246472397,211.464
2246472368,2246472382,89.325
2246472368,2246472358,71.16
2246472376,1665625383,47.16
2246472376,4357290593,113.97200000000001
2246472379,2246472327,188.611
2246472379,2246472406,200.361
2246472379,2246472385,82.223
2246472380,1665625357,66.669
2246472380,2246472326,216.247
2246472380,12560606618,11.0
2246472382,10653480118,9.765
2246472382,2246472368,89.325
2246472382,2246472380,113.43
2246472384,7379722817,48.202
2246472384,4264598330,119.354
2246472384,2246472529,274.28700000000003
2246472385,2246472358,203.342
2246472385,2246472445,200.926
2246472385,2246472397,72.654
2246472385,2246472379,82.223
2246472387,7379722817,55.774
2246472387,10928800782,109.25
2246472387,10928800784,226.61700000000002
2246472389,4357290593,10.008
2246472389,7371470903,36.504
2246472389,4357290592,61.887
2246472391,2246472416,61.928
2246472391,1643035301,81.883
2246472391,1643035296,98.142
2246472391,11054614614,101.28999999999999
2246472395,4357290590,27.983
2246472395,4357290591,70.152
2246472395,4357290597,69.175
2246472397,2246472482,201.456
2246472397,2246472368,211.464
2246472397,2246472385,72.654
2246472397,2246472511,249.78699999999998
2246472400,2246472430,58.976
2246472400,7379899441,196.84699999999998
2246472400,11054622625,70.195
2246472402,4357290595,8.94
2246472402,4357290597,62.537
2246472402,4357290591,65.505
2246472406,2246472379,200.361
2246472406,2246472445,82.482
2246472406,2246472476,155.164
2246472414,2246472471,96.612
2246472414,2246472463,107.772
2246472416,2246472391,61.928
2246472422,1392485609,98.177
2246472422,2246472471,105.486
2246472422,2246472474,96.062
2246472430,2246472459,53.237
2246472430,11054554796,92.764
2246472430,2246472400,58.976
2246472442,2246472497,77.128
2246472442,1366027980,87.288
2246472442,245668052,89.935
2246472445,2246472385,200.926
2246472445,2246472406,82.482
2246472445,2246472482,74.519
2246472445,2246472476,143.609
2246472459,2246472430,53.237
2246472459,2246472509,131.001
2246472459,2246472484,47.239999999999995
2246472463,2246472507,98.61
2246472463,2246472505,81.829
2246472465,1643035300,161.297
2246472465,2246472590,202.87
2246472465,1643047697,73.502
2246472471,2246472414,96.612
2246472471,2246472519,97.248
2246472471,2246472507,104.538
2246472471,2246472422,105.486
2246472474,1366027983,91.45
2246472474,2246472519,98.162
2246472474,2246472422,96.062
2246472476,2246472537,69.167
2246472476,2246472406,155.164
2246472476,2246472445,143.60899999999998
2246472478,11054554796,31.892
2246472482,2246472397,201.456
2246472482,2246472445,74.519
2246472482,2246472511,56.318
2246472484,2246472527,105.098
2246472484,2246472515,50.364000000000004
2246472484,2246472459,47.24000000000001
2246472488,1643035303,166.353
2246472488,2246472516,35.494
2246472488,1643047697,76.278
2246472497,2246472442,77.128
2246472505,2246472550,97.499
2246472505,2246472547,93.451
2246472507,2246472463,98.61
2246472507,2246472562,94.025
2246472507,2246472550,82.955
2246472507,2246472471,104.538
2246472509,2246472459,131.001
2246472511,2246472482,56.318
2246472511,2246472556,84.073
2246472511,2246472397,249.78699999999998
2246472515,10936374463,66.606
2246472515,1643035306,44.961999999999996
2246472515,2246472484,50.364000000000004
2246472516,2246472488,35.494
2246472516,11057926918,99.52799999999999
2246472516,2246472600,203.67
2246472519,2246472471,97.248
2246472519,2246472580,103.68
2246472519,2246472562,103.547
2246472519,2246472474,98.162
2246472521,4264598335,68.393
2246472521,2246472529,101.331
2246472521,2246472570,74.243
2246472523,2246472535,104.099
2246472523,2246472626,158.249
2246472523,12068018711,38.624
2246472527,2246472484,105.098
2246472529,2246472521,101.331
2246472529,2246472533,47.924
2246472529,2246472384,274.28700000000003
2246472533,2246472529,47.924
2246472533,6569434369,201.74300000000002
2246472533,2246472576,74.79299999999999
2246472533,7379722817,259.31899999999996
2246472535,2246472523,104.099
2246472537,11335192190,96.712
2246472537,2246472476,69.167
2246472537,2246472568,76.61
2246472539,1451889994,129.843
